
BUSES AND NODES IN ACTIVE CIRCUIT: ieee650

                               Coord                                 Number of     Nodes
  Bus     Base kV             (x, y)                      Keep?       Nodes        connected ...

"1"    115.000          ( 1693780      , 12277577.76  )     No           3          1    2    3 
"7"     12.470          ( 1693954.03   , 12277577.76  )     No           3          1    2    3 
"8"     12.470          ( 1694018.313  , 12277577.76  )     No           3          1    2    3 
"9"     12.470          ( 1694004.902  , 12277496     )     No           3          1    2    3 
"10"    12.470          ( 1693968.12   , 12277271.72  )     No           3          1    2    3 
"11"    12.470          ( 1693909.416  , 12276925.79  )     No           3          1    2    3 
"12"    12.470          ( 1693840.231  , 12276529.54  )     No           3          1    2    3 
"13"    12.470          ( 1693695.409  , 12276525.39  )     No           3          1    2    3 
"14"    12.470          ( 1693402.25   , 12276341     )     No           3          1    2    3 
"15"    12.470          ( 1693338.643  , 12276303.19  )     No           3          1    2    3 
"16"    12.470          ( 1693275.036  , 12276265.37  )     No           3          1    2    3 
"17"    12.470          ( 1693245.234  , 12276247.2   )     No           3          1    2    3 
"18"    12.470          ( 1693215.431  , 12276229.02  )     No           3          1    2    3 
"19"    12.470          ( 1693062.499  , 12276129.09  )     No           3          1    2    3 
"20"    12.470          ( 1692851.461  , 12276000     )     No           3          1    2    3 
"21"    12.470          ( 1692658.31   , 12275897.84  )     No           3          1    2    3 
"22"    12.470          ( 1692500.171  , 12275809.29  )     No           3          1    2    3 
"23"    12.470          ( 1692322.028  , 12275732.6   )     No           3          1    2    3 
"24"    12.470          ( 1692000      , 12275591.11  )     No           3          1    2    3 
"25"    12.470          ( 1691626.089  , 12275427.89  )     No           3          1    2    3 
"26"    12.470          ( 1691395.861  , 12275279.48  )     No           3          1    2    3 
"27"    12.470          ( 1691214.531  , 12275154.07  )     No           3          1    2    3 
"28"    12.470          ( 1691101.301  , 12275074.55  )     No           3          1    2    3 
"29"    12.470          ( 1690965.822  , 12274981.24  )     No           3          1    2    3 
"34"    12.470          ( 1690139.95   , 12275145.11  )     No           3          1    2    3 
"41"    12.470          ( 1689137.261  , 12275255.55  )     No           3          1    2    3 
"45"    12.470          ( 1689003.74   , 12275275.92  )     No           3          1    2    3 
"51"    12.470          ( 1688662.141  , 12275322.63  )     No           3          1    2    3 
"52"    12.470          ( 1688526.658  , 12275332.34  )     No           3          1    2    3 
"53"    12.470          ( 1688496.069  , 12275334.53  )     No           3          1    2    3 
"54"    12.470          ( 1688275.958  , 12275362.95  )     No           3          1    2    3 
"56"    12.470          ( 1688163.47   , 12275377.31  )     No           3          1    2    3 
"57"    12.470          ( 1687854.078  , 12275449.47  )     No           3          1    2    3 
"58"    12.470          ( 1687767.204  , 12275449.29  )     No           3          1    2    3 
"59"    12.470          ( 1687680.33   , 12275449.11  )     No           3          1    2    3 
"60"    12.470          ( 1687646.53   , 12275447.26  )     No           3          1    2    3 
"61"    12.470          ( 1687535.922  , 12275441.46  )     No           3          1    2    3 
"62"    12.470          ( 1687518.731  , 12275440.56  )     No           3          1    2    3 
"63"    12.470          ( 1687296.9    , 12275425.36  )     No           3          1    2    3 
"64"    12.470          ( 1687160.671  , 12275419.64  )     No           3          1    2    3 
"65"    12.470          ( 1687130.862  , 12275418.07  )     No           3          1    2    3 
"66"    12.470          ( 1687101.053  , 12275416.51  )     No           3          1    2    3 
"67"    12.470          ( 1687071.245  , 12275414.94  )     No           3          1    2    3 
"68"    12.470          ( 1687041.436  , 12275413.37  )     No           3          1    2    3 
"69"    12.470          ( 1686911.208  , 12275406.52  )     No           3          1    2    3 
"70"    12.470          ( 1686592.609  , 12275382.03  )     No           3          1    2    3 
"71"    12.470          ( 1686425.402  , 12275361.69  )     No           3          1    2    3 
"73"    12.470          ( 1686081.981  , 12275244.63  )     No           3          1    2    3 
"79"    12.470          ( 1685934.574  , 12275211.35  )     No           3          1    2    3 
"80"    12.470          ( 1685787.167  , 12275178.07  )     No           3          1    2    3 
"82"    12.470          ( 1685589.171  , 12275125.91  )     No           3          1    2    3 
"84"    12.470          ( 1685356.981  , 12275067.29  )     No           3          1    2    3 
"86"    12.470          ( 1685145.193  , 12275007.46  )     No           3          1    2    3 
"90"    12.470          ( 1684897.573  , 12274659.03  )     No           3          1    2    3 
"91"    12.470          ( 1684897.52   , 12274658.97  )     No           3          1    2    3 
"93"    12.470          ( 1684774.169  , 12274502.05  )     No           3          1    2    3 
"95"    12.470          ( 1684664.306  , 12274365.06  )     No           3          1    2    3 
"96"    12.470          ( 1684660.784  , 12274361.02  )     No           3          1    2    3 
"98"    12.470          ( 1684492.229  , 12274167.74  )     No           3          1    2    3 
"99"    12.470          ( 1684327.312  , 12273985.19  )     No           3          1    2    3 
"100"   12.470          ( 1684366.572  , 12273768.47  )     No           3          1    2    3 
"102"   12.470          ( 1684406.729  , 12273686.14  )     No           3          1    2    3 
"106"   12.470          ( 1684789.181  , 12273453.59  )     No           3          1    2    3 
"111"   12.470          ( 1685271.46   , 12273423.84  )     No           3          1    2    3 
"124"   12.470          ( 1686201.789  , 12273141.31  )     No           3          1    2    3 
"101"   12.470          ( 1684121.84   , 12273758.95  )     No           3          1    2    3 
"104"   12.470          ( 1683921.112  , 12273546.17  )     No           3          1    2    3 
"105"   12.470          ( 1683853.921  , 12273477.45  )     No           3          1    2    3 
"107"   12.470          ( 1683710.27   , 12273327.12  )     No           3          1    2    3 
"110"   12.470          ( 1683476.048  , 12273178.61  )     No           3          1    2    3 
"114"   12.470          ( 1683334.298  , 12273089.39  )     No           3          1    2    3 
"115"   12.470          ( 1683219.528  , 12273025.77  )     No           3          1    2    3 
"118"   12.470          ( 1682961.189  , 12272876.42  )     No           3          1    2    3 
"119"   12.470          ( 1682841.209  , 12272808.65  )     No           3          1    2    3 
"121"   12.470          ( 1682656.668  , 12272704.41  )     No           3          1    2    3 
"128"   12.470          ( 1682430.399  , 12272573.58  )     No           3          1    2    3 
"129"   12.470          ( 1682204.13   , 12272442.75  )     No           3          1    2    3 
"131"   12.470          ( 1681953.422  , 12272291.41  )     No           3          1    2    3 
"132"   12.470          ( 1681744.616  , 12272155.92  )     No           3          1    2    3 
"136"   12.470          ( 1681629.191  , 12272081.02  )     No           3          1    2    3 
"141"   12.470          ( 1681524.378  , 12271788.59  )     No           3          1    2    3 
"143"   12.470          ( 1681478.802  , 12271556.13  )     No           3          1    2    3 
"148"   12.470          ( 1681411.681  , 12271272.54  )     No           3          1    2    3 
"153"   12.470          ( 1681297.902  , 12270990.59  )     No           3          1    2    3 
"156"   12.470          ( 1681227.045  , 12270883     )     No           3          1    2    3 
"159"   12.470          ( 1681079.888  , 12270659.54  )     No           3          1    2    3 
"164"   12.470          ( 1680836.508  , 12270559.92  )     No           3          1    2    3 
"168"   12.470          ( 1680562.4    , 12270541.41  )     No           3          1    2    3 
"170"   12.470          ( 1680264.342  , 12270391.39  )     No           3          1    2    3 
"178"   12.470          ( 1679930.256  , 12270197.58  )     No           3          1    2    3 
"183"   12.470          ( 1679706.024  , 12270138.29  )     No           3          1    2    3 
"187"   12.470          ( 1679428.328  , 12270111.81  )     No           3          1    2    3 
"188"   12.470          ( 1679300.369  , 12270099.6   )     No           3          1    2    3 
"189"   12.470          ( 1679283.723  , 12270098.02  )     No           3          1    2    3 
"200"   12.470          ( 1679025.65   , 12270065.24  )     No           3          1    2    3 
"204"   12.470          ( 1678821.829  , 12269978.71  )     No           3          1    2    3 
"210"   12.470          ( 1678554.229  , 12269872.86  )     No           3          1    2    3 
"220"   12.470          ( 1678190.189  , 12269607.23  )     No           3          1    2    3 
"226"   12.470          ( 1677893.942  , 12269397.97  )     No           3          1    2    3 
"228"   12.470          ( 1677603.351  , 12269196.21  )     No           3          1    2    3 
"229"   12.470          ( 1677487.479  , 12269148.05  )     No           3          1    2    3 
"230"   12.470          ( 1677199.842  , 12269021.6   )     No           3          1    2    3 
"231"   12.470          ( 1677131.332  , 12268993.86  )     No           3          1    2    3 
"232"   12.470          ( 1677062.822  , 12268966.12  )     No           3          1    2    3 
"234"   12.470          ( 1676994.313  , 12268938.38  )     No           3          1    2    3 
"233"   12.470          ( 1676925.803  , 12268910.64  )     No           3          1    2    3 
"235"   12.470          ( 1676908.1    , 12268903.48  )     No           3          1    2    3 
"237"   12.470          ( 1676733.561  , 12268828.22  )     No           3          1    2    3 
"238"   12.470          ( 1676496.022  , 12268725.48  )     No           3          1    2    3 
"241"   12.470          ( 1676011.121  , 12268510.46  )     No           3          1    2    3 
"243"   12.470          ( 1675750.869  , 12268360.81  )     No           3          1    2    3 
"244"   12.470          ( 1675648.949  , 12268281.89  )     No           3          1    2    3 
"246"   12.470          ( 1675446.082  , 12268159.05  )     No           3          1    2    3 
"247"   12.470          ( 1675374.98   , 12268112.95  )     No           3          1    2    3 
"249"   12.470          ( 1675199.13   , 12267998.95  )     No           3          1    2    3 
"250"   12.470          ( 1675076.803  , 12267924.89  )     No           3          1    2    3 
"251"   12.470          ( 1675055.801  , 12267912.17  )     No           3          1    2    3 
"252"   12.470          ( 1675034.799  , 12267899.46  )     No           3          1    2    3 
"255"   12.470          ( 1674785.921  , 12267722.97  )     No           3          1    2    3 
"257"   12.470          ( 1674600.999  , 12267568.94  )     No           3          1    2    3 
"260"   12.470          ( 1674340.449  , 12267337.64  )     No           3          1    2    3 
"262"   12.470          ( 1674122.951  , 12267129.31  )     No           3          1    2    3 
"264"   12.470          ( 1673984.06   , 12266990.31  )     No           3          1    2    3 
"268"   12.470          ( 1673706.032  , 12266690.1   )     No           3          1    2    3 
"271"   12.470          ( 1673488.37   , 12266442.21  )     No           3          1    2    3 
"277"   12.470          ( 1673104.079  , 12266003.77  )     No           3          1    2    3 
"284"   12.470          ( 1672847.379  , 12265706.56  )     No           3          1    2    3 
"288"   12.470          ( 1672776.551  , 12265616.62  )     No           3          1    2    3 
"292"   12.470          ( 1672616.09   , 12265429.31  )     No           3          1    2    3 
"294"   12.470          ( 1672458.681  , 12265257.65  )     No           3          1    2    3 
"296"   12.470          ( 1672374.688  , 12265166.11  )     No           3          1    2    3 
"300"   12.470          ( 1672218.172  , 12264992.42  )     No           3          1    2    3 
"302"   12.470          ( 1672079.879  , 12264837.23  )     No           3          1    2    3 
"307"   12.470          ( 1671966.149  , 12264735.59  )     No           3          1    2    3 
"312"   12.470          ( 1671856.241  , 12264646.38  )     No           3          1    2    3 
"315"   12.470          ( 1671718.181  , 12264532.1   )     No           3          1    2    3 
"321"   12.470          ( 1671536.888  , 12264379.6   )     No           3          1    2    3 
"324"   12.470          ( 1671346.441  , 12264185.53  )     No           3          1    2    3 
"327"   12.470          ( 1671295.637  , 12264130.79  )     No           3          1    2    3 
"328"   12.470          ( 1671244.833  , 12264076.05  )     No           3          1    2    3 
"329"   12.470          ( 1671194.028  , 12264021.31  )     No           3          1    2    3 
"330"   12.470          ( 1671172.729  , 12264000     )     No           3          1    2    3 
"333"   12.470          ( 1670954.63   , 12263788.52  )     No           3          1    2    3 
"335"   12.470          ( 1670855.261  , 12263685.75  )     No           3          1    2    3 
"337"   12.470          ( 1670735.69   , 12263567.73  )     No           3          1    2    3 
"339"   12.470          ( 1670702.201  , 12263533.04  )     No           3          1    2    3 
"350"   12.470          ( 1670458.301  , 12263309.31  )     No           3          1    2    3 
"351"   12.470          ( 1670421.33   , 12263275.99  )     No           3          1    2    3 
"353"   12.470          ( 1670360.03   , 12263220.75  )     No           3          1    2    3 
"354"   12.470          ( 1670354.709  , 12263215.46  )     No           3          1    2    3 
"355"   12.470          ( 1670349.388  , 12263210.18  )     No           3          1    2    3 
"357"   12.470          ( 1670200.47   , 12263062.34  )     No           3          1    2    3 
"360"   12.470          ( 1669897.259  , 12262766.22  )     No           3          1    2    3 
"362"   12.470          ( 1669665.008  , 12262537.76  )     No           3          1    2    3 
"369"   12.470          ( 1669497.06   , 12262370.69  )     No           3          1    2    3 
"370"   12.470          ( 1669332.888  , 12262215.36  )     No           3          1    2    3 
"376"   12.470          ( 1669187.75   , 12262068.88  )     No           3          1    2    3 
"379"   12.470          ( 1669073.718  , 12261975.16  )     No           3          1    2    3 
"383"   12.470          ( 1668869.356  , 12261838.04  )     No           3          1    2    3 
"386"   12.470          ( 1668746.828  , 12261737.31  )     No           3          1    2    3 
"388"   12.470          ( 1668696.701  , 12261694.49  )     No           3          1    2    3 
"393"   12.470          ( 1668463.131  , 12261521.43  )     No           3          1    2    3 
"397"   12.470          ( 1668291.759  , 12261398.93  )     No           3          1    2    3 
"407"   12.470          ( 1668077.62   , 12261226.41  )     No           3          1    2    3 
"410"   12.470          ( 1668000      , 12261168.08  )     No           3          1    2    3 
"414"   12.470          ( 1667896.4    , 12261094.43  )     No           3          1    2    3 
"420"   12.470          ( 1667712.502  , 12260947.01  )     No           3          1    2    3 
"428"   12.470          ( 1667488.84   , 12260775.16  )     No           3          1    2    3 
"434"   12.470          ( 1667373.951  , 12260653.75  )     No           3          1    2    3 
"439"   12.470          ( 1667209.509  , 12260500.24  )     No           3          1    2    3 
"445"   12.470          ( 1667082.361  , 12260380.9   )     No           3          1    2    3 
"451"   12.470          ( 1666972.511  , 12260276.84  )     No           3          1    2    3 
"454"   12.470          ( 1666837.31   , 12260148.76  )     No           3          1    2    3 
"460"   12.470          ( 1666752.175  , 12260066.62  )     No           3          1    2    3 
"463"   12.470          ( 1666671.36   , 12259988.93  )     No           3          1    2    3 
"363"   12.470          ( 1669677.591  , 12262532.32  )     No           3          1    2    3 
"364"   12.470          ( 1669694.901  , 12262524.84  )     No           3          1    2    3 
"365"   12.470          ( 1669707.025  , 12262519.77  )     No           3          1    2    3 
"366"   12.470          ( 1669719.149  , 12262514.71  )     No           3          1    2    3 
"368"   12.470          (           NA,            NA )     No           3          1    2    3 
"215"   12.470          ( 1678531.484  , 12270114.8   )     No           3          1    2    3 
"217"   12.470          ( 1678635.002  , 12270171.43  )     No           3          1    2    3 
"223"   12.470          ( 1678503.959  , 12270356.23  )     No           3          1    2    3 
"72"    12.470          ( 1686223.899  , 12275501.15  )     No           3          1    2    3 
"74"    12.470          ( 1686060.608  , 12275612.64  )     No           3          1    2    3 
"75"    12.470          ( 1686023.265  , 12275638.56  )     No           3          1    2    3 
"76"    12.470          ( 1686005.244  , 12275651.47  )     No           3          1    2    3 
"77"    12.470          ( 1685987.223  , 12275664.37  )     No           3          1    2    3 
"78"    12.470          ( 1685969.202  , 12275677.28  )     No           3          1    2    3 
"81"    12.470          ( 1685812.308  , 12275785.12  )     No           3          1    2    3 
"83"    12.470          ( 1685676.71   , 12275880.78  )     No           3          1    2    3 
"85"    12.470          ( 1685492.44   , 12276001.54  )     No           3          1    2    3 
"87"    12.470          ( 1685325.72   , 12276115.48  )     No           3          1    2    3 
"88"    12.470          ( 1685132.311  , 12276242.56  )     No           3          1    2    3 
"89"    12.470          ( 1684985.461  , 12276341.43  )     No           3          1    2    3 
"92"    12.470          ( 1684905.47   , 12276397.93  )     No           3          1    2    3 
"94"    12.470          ( 1684789.447  , 12276444.91  )     No           3          1    2    3 
"97"    12.470          ( 1684642.212  , 12276548.99  )     No           3          1    2    3 
"103"   12.470          ( 1683929.877  , 12277025.27  )     No           3          1    2    3 
"108"   12.470          ( 1683409.181  , 12277242.58  )     No           3          1    2    3 
"109"   12.470          ( 1683294.645  , 12277397.45  )     No           3          1    2    3 
"112"   12.470          ( 1683189.439  , 12277539.7   )     No           3          1    2    3 
"113"   12.470          ( 1683180.272  , 12277580.58  )     No           3          1    2    3 
"116"   12.470          ( 1683143.941  , 12277742.56  )     No           3          1    2    3 
"117"   12.470          ( 1683134.909  , 12277782.83  )     No           3          1    2    3 
"120"   12.470          ( 1682734.341  , 12277838.79  )     No           3          1    2    3 
"122"   12.470          ( 1682627.087  , 12277859.08  )     No           3          1    2    3 
"123"   12.470          ( 1682519.833  , 12277879.37  )     No           3          1    2    3 
"125"   12.470          ( 1682339.449  , 12277913.5   )     No           3          1    2    3 
"126"   12.470          ( 1682254.818  , 12277926.43  )     No           3          1    2    3 
"127"   12.470          ( 1682159.561  , 12277912.92  )     No           3          1    2    3 
"130"   12.470          ( 1682030.5    , 12277936.38  )     No           3          1    2    3 
"133"   12.470          ( 1681852.82   , 12278475.17  )     No           3          1    2    3 
"134"   12.470          ( 1681837.677  , 12278479.7   )     No           3          1    2    3 
"135"   12.470          ( 1681819.524  , 12278485.12  )     No           3          1    2    3 
"139"   12.470          ( 1681592.511  , 12278552.97  )     No           3          1    2    3 
"140"   12.470          ( 1681586.42   , 12278554.79  )     No           3          1    2    3 
"137"   12.470          ( 1681808.231  , 12278691.89  )     No           3          1    2    3 
"138"   12.470          ( 1681804.921  , 12278707.63  )     No           3          1    2    3 
"142"   12.470          ( 1681762.319  , 12278912.14  )     No           3          1    2    3 
"144"   12.470          ( 1681693.191  , 12279248.51  )     No           3          1    2    3 
"149"   12.470          ( 1681619.332  , 12279589.92  )     No           3          1    2    3 
"150"   12.470          ( 1681618.052  , 12279595.25  )     No           3          1    2    3 
"151"   12.470          ( 1681616.772  , 12279600.58  )     No           3          1    2    3 
"152"   12.470          ( 1681611.971  , 12279621.17  )     No           3          1    2    3 
"154"   12.470          ( 1681580.125  , 12279757.81  )     No           3          1    2    3 
"157"   12.470          ( 1681551.858  , 12279879.09  )     No           3          1    2    3 
"161"   12.470          ( 1681500.4    , 12280084.72  )     No           3          1    2    3 
"163"   12.470          ( 1681467.988  , 12280220.66  )     No           3          1    2    3 
"165"   12.470          ( 1681438.321  , 12280344.78  )     No           3          1    2    3 
"166"   12.470          ( 1681436.433  , 12280349.92  )     No           3          1    2    3 
"169"   12.470          ( 1681350.892  , 12280581.01  )     No           3          1    2    3 
"172"   12.470          ( 1681252.821  , 12280907.38  )     No           3          1    2    3 
"173"   12.470          ( 1681215.671  , 12280970.67  )     No           3          1    2    3 
"174"   12.470          ( 1681157.753  , 12281069.35  )     No           3          1    2    3 
"175"   12.470          ( 1681135.68   , 12281106.96  )     No           3          1    2    3 
"179"   12.470          ( 1681066.658  , 12281234.17  )     No           3          1    2    3 
"184"   12.470          ( 1680936.258  , 12281479.45  )     No           3          1    2    3 
"185"   12.470          ( 1680878.963  , 12281587.24  )     No           3          1    2    3 
"186"   12.470          ( 1680861.731  , 12281619.65  )     No           3          1    2    3 
"190"   12.470          ( 1680818.969  , 12281860.2   )     No           3          1    2    3 
"198"   12.470          ( 1680795.958  , 12282007.64  )     No           3          1    2    3 
"199"   12.470          ( 1680783.092  , 12282090.07  )     No           3          1    2    3 
"203"   12.470          ( 1680741.108  , 12282264.08  )     No           3          1    2    3 
"205"   12.470          ( 1680709.057  , 12282417.1   )     No           3          1    2    3 
"213"   12.470          ( 1680654.822  , 12282665.06  )     No           3          1    2    3 
"216"   12.470          ( 1680603.552  , 12282881.79  )     No           3          1    2    3 
"219"   12.470          ( 1680584.412  , 12282944.5   )     No           3          1    2    3 
"218"   12.470          ( 1680565.271  , 12283007.21  )     No           3          1    2    3 
"221"   12.470          ( 1680545.687  , 12283074.22  )     No           3          1    2    3 
"222"   12.470          ( 1680526.102  , 12283141.22  )     No           3          1    2    3 
"224"   12.470          ( 1680506.518  , 12283208.23  )     No           3          1    2    3 
"225"   12.470          ( 1680446.602  , 12283263.32  )     No           3          1    2    3 
"227"   12.470          ( 1680184.171  , 12283418.87  )     No           3          1    2    3 
"236"   12.470          ( 1679221.619  , 12283309.44  )     No           3          1    2    3 
"239"   12.470          ( 1678834.33   , 12283142.56  )     No           3          1    2    3 
"240"   12.470          ( 1678534.151  , 12283007.48  )     No           3          1    2    3 
"242"   12.470          ( 1678293.38   , 12282893.04  )     No           3          1    2    3 
"245"   12.470          ( 1677997.988  , 12282799.75  )     No           3          1    2    3 
"248"   12.470          ( 1677674.101  , 12282933.96  )     No           3          1    2    3 
"253"   12.470          ( 1677152.93   , 12283190.43  )     No           3          1    2    3 
"254"   12.470          ( 1677141.175  , 12283196.35  )     No           3          1    2    3 
"256"   12.470          ( 1676956.552  , 12283289.37  )     No           3          1    2    3 
"258"   12.470          ( 1676785.302  , 12283353.93  )     No           3          1    2    3 
"259"   12.470          ( 1676712.59   , 12283381.5   )     No           3          1    2    3 
"261"   12.470          ( 1676365.749  , 12283420.31  )     No           3          1    2    3 
"263"   12.470          ( 1676101.557  , 12283415.44  )     No           3          1    2    3 
"265"   12.470          ( 1675935.972  , 12283419.46  )     No           3          1    2    3 
"266"   12.470          ( 1675852.221  , 12283429.85  )     No           3          1    2    3 
"267"   12.470          ( 1675769.31   , 12283440.15  )     No           3          1    2    3 
"269"   12.470          ( 1675620.342  , 12283456.12  )     No           3          1    2    3 
"270"   12.470          ( 1675435.039  , 12283475.99  )     No           3          1    2    3 
"272"   12.470          ( 1675239.68   , 12283477.75  )     No           3          1    2    3 
"273"   12.470          ( 1675130.35   , 12283478.73  )     No           3          1    2    3 
"274"   12.470          ( 1675081.821  , 12283466.17  )     No           3          1    2    3 
"275"   12.470          ( 1675060.009  , 12283495.82  )     No           3          1    2    3 
"276"   12.470          ( 1674816.162  , 12283706.61  )     No           3          1    2    3 
"278"   12.470          ( 1674735.561  , 12283782.77  )     No           3          1    2    3 
"279"   12.470          ( 1674640.407  , 12283872.68  )     No           3          1    2    3 
"280"   12.470          ( 1674607.012  , 12283905.48  )     No           3          1    2    3 
"281"   12.470          ( 1674580.552  , 12283931.48  )     No           3          1    2    3 
"282"   12.470          ( 1674554.092  , 12283957.47  )     No           3          1    2    3 
"283"   12.470          ( 1674536.811  , 12283975.54  )     No           3          1    2    3 
"285"   12.470          ( 1674482.117  , 12284032.81  )     No           3          1    2    3 
"287"   12.470          ( 1674456.64   , 12284059.48  )     No           3          1    2    3 
"289"   12.470          ( 1674385.918  , 12284134.07  )     No           3          1    2    3 
"293"   12.470          ( 1674181.852  , 12284222.01  )     No           3          1    2    3 
"295"   12.470          ( 1674021.759  , 12284308.49  )     No           3          1    2    3 
"299"   12.470          ( 1673769.249  , 12284448.87  )     No           3          1    2    3 
"301"   12.470          ( 1673621.347  , 12284529.97  )     No           3          1    2    3 
"303"   12.470          ( 1673535.56   , 12284577.01  )     No           3          1    2    3 
"305"   12.470          ( 1673465.686  , 12284513.92  )     No           3          1    2    3 
"311"   12.470          ( 1673371.941  , 12284429.27  )     No           3          1    2    3 
"313"   12.470          ( 1673234.75   , 12284368.13  )     No           3          1    2    3 
"314"   12.470          ( 1673205.824  , 12284340.25  )     No           3          1    2    3 
"316"   12.470          ( 1673171.701  , 12284307.37  )     No           3          1    2    3 
"317"   12.470          ( 1673137.578  , 12284274.49  )     No           3          1    2    3 
"318"   12.470          ( 1673103.456  , 12284241.61  )     No           3          1    2    3 
"320"   12.470          ( 1673069.333  , 12284208.73  )     No           3          1    2    3 
"322"   12.470          ( 1672969.051  , 12284112.09  )     No           3          1    2    3 
"323"   12.470          ( 1672858.27   , 12284010.93  )     No           3          1    2    3 
"331"   12.470          ( 1672604.92   , 12283769.54  )     No           3          1    2    3 
"340"   12.470          ( 1672117.418  , 12283282.83  )     No           3          1    2    3 
"342"   12.470          ( 1672089.611  , 12283254.85  )     No           3          1    2    3 
"344"   12.470          ( 1672060.859  , 12283225.32  )     No           3          1    2    3 
"343"   12.470          ( 1672032.107  , 12283195.79  )     No           3          1    2    3 
"345"   12.470          ( 1672014.577  , 12283177.76  )     No           3          1    2    3 
"346"   12.470          ( 1671997.048  , 12283159.74  )     No           3          1    2    3 
"347"   12.470          ( 1671979.518  , 12283141.71  )     No           3          1    2    3 
"348"   12.470          ( 1672012.319  , 12283106.58  )     No           3          1    2    3 
"349"   12.470          ( 1672032.193  , 12283103.26  )     No           3          1    2    3 
"352"   12.470          ( 1672170.998  , 12283080.04  )     No           3          1    2    3 
"356"   12.470          ( 1671749.569  , 12282953.56  )     No           3          1    2    3 
"358"   12.470          ( 1671591.57   , 12282867.56  )     No           3          1    2    3 
"359"   12.470          ( 1671310.24   , 12282700.41  )     No           3          1    2    3 
"361"   12.470          ( 1670978.485  , 12282522.54  )     No           3          1    2    3 
"367"   12.470          ( 1670841.691  , 12282449.2   )     No           3          1    2    3 
"371"   12.470          ( 1670503.562  , 12282443.85  )     No           3          1    2    3 
"372"   12.470          ( 1670472.242  , 12282432.5   )     No           3          1    2    3 
"373"   12.470          ( 1670440.922  , 12282421.15  )     No           3          1    2    3 
"380"   12.470          ( 1670054.28   , 12282289.44  )     No           3          1    2    3 
"381"   12.470          ( 1669973.121  , 12282253     )     No           3          1    2    3 
"384"   12.470          ( 1669891.148  , 12282216.19  )     No           3          1    2    3 
"392"   12.470          ( 1669570.571  , 12282032.03  )     No           3          1    2    3 
"395"   12.470          ( 1669375.245  , 12281914.26  )     No           3          1    2    3 
"399"   12.470          ( 1669502.319  , 12281883.26  )     No           3          1    2    3 
"404"   12.470          ( 1669582.949  , 12281790.68  )     No           3          1    2    3 
"406"   12.470          ( 1669592.73   , 12281779.45  )     No           3          1    2    3 
"412"   12.470          ( 1669732.031  , 12281619.5   )     No           3          1    2    3 
"416"   12.470          ( 1669877.869  , 12281433.94  )     No           3          1    2    3 
"419"   12.470          ( 1669925.1    , 12281374.53  )     No           3          1    2    3 
"435"   12.470          ( 1670240.484  , 12281029.31  )     No           3          1    2    3 
"443"   12.470          ( 1670303.607  , 12280731.38  )     No           3          1    2    3 
"452"   12.470          ( 1670468.381  , 12280560.05  )     No           3          1    2    3 
"459"   12.470          ( 1670700.997  , 12280408.4   )     No           3          1    2    3 
"469"   12.470          ( 1671320.98   , 12280228.03  )     No           3          1    2    3 
"478"   12.470          ( 1671735.581  , 12280409.22  )     No           3          1    2    3 
"483"   12.470          ( 1672044.018  , 12280300.04  )     No           3          1    2    3 
"486"   12.470          ( 1672215.702  , 12280210     )     No           3          1    2    3 
"489"   12.470          ( 1672308.1    , 12280156.05  )     No           3          1    2    3 
"494"   12.470          ( 1672522.058  , 12280006.37  )     No           3          1    2    3 
"501"   12.470          ( 1672823.061  , 12279784.47  )     No           3          1    2    3 
"502"   12.470          ( 1672943.77   , 12279668.82  )     No           3          1    2    3 
"504"   12.470          ( 1673008.004  , 12279608.44  )     No           3          1    2    3 
"508"   12.470          ( 1673143.282  , 12279476.7   )     No           3          1    2    3 
"515"   12.470          ( 1673359.788  , 12279177.33  )     No           3          1    2    3 
"523"   12.470          ( 1673511.271  , 12278909.62  )     No           3          1    2    3 
"526"   12.470          ( 1673577.798  , 12278791.4   )     No           3          1    2    3 
"531"   12.470          ( 1673734.4    , 12278609.66  )     No           3          1    2    3 
"539"   12.470          ( 1673864.752  , 12278380.58  )     No           3          1    2    3 
"543"   12.470          ( 1674023.66   , 12278355.89  )     No           3          1    2    3 
"550"   12.470          ( 1674265.508  , 12278166.09  )     No           3          1    2    3 
"551"   12.470          ( 1674259.073  , 12278144.6   )     No           3          1    2    3 
"555"   12.470          ( 1674162.85   , 12277823.38  )     No           3          1    2    3 
"556"   12.470          ( 1674138.069  , 12277723.89  )     No           3          1    2    3 
"560"   12.470          ( 1674082.991  , 12277507.64  )     No           3          1    2    3 
"563"   12.470          ( 1674058.338  , 12277416.77  )     No           3          1    2    3 
"564"   12.470          ( 1674033.686  , 12277325.9   )     No           3          1    2    3 
"566"   12.470          ( 1674009.033  , 12277235.02  )     No           3          1    2    3 
"572"   12.470          ( 1673946.93   , 12276991.3   )     No           3          1    2    3 
"578"   12.470          ( 1673877.429  , 12276709.06  )     No           3          1    2    3 
"584"   12.470          ( 1673792.572  , 12276405.67  )     No           3          1    2    3 
"590"   12.470          ( 1673715.51   , 12275856.26  )     No           3          1    2    3 
"593"   12.470          ( 1673756.982  , 12275633.82  )     No           3          1    2    3 
"594"   12.470          ( 1673805.728  , 12275482.38  )     No           3          1    2    3 
"599"   12.470          ( 1673856.392  , 12275198.91  )     No           3          1    2    3 
"601"   12.470          ( 1673856.912  , 12275094.67  )     No           3          1    2    3 
"602"   12.470          ( 1673857.698  , 12274937.58  )     No           3          1    2    3 
"605"   12.470          ( 1673829.862  , 12274652.99  )     No           3          1    2    3 
"608"   12.470          ( 1673799.06   , 12274454.79  )     No           3          1    2    3 
"609"   12.470          ( 1673774.529  , 12274330.11  )     No           3          1    2    3 
"610"   12.470          ( 1673749.076  , 12274258.12  )     No           3          1    2    3 
"611"   12.470          ( 1673732.869  , 12274212.27  )     No           3          1    2    3 
"612"   12.470          ( 1673795.886  , 12274177.11  )     No           3          1    2    3 
"615"   12.470          ( 1673976.937  , 12274076.09  )     No           3          1    2    3 
"617"   12.470          ( 1674143.943  , 12273879.84  )     No           3          1    2    3 
"619"   12.470          ( 1674190.891  , 12273824.67  )     No           3          1    2    3 
"622"   12.470          ( 1674265.525  , 12273641.45  )     No           3          1    2    3 
"626"   12.470          ( 1674362.223  , 12273404.07  )     No           3          1    2    3 
"627"   12.470          ( 1674365.262  , 12273394.88  )     No           3          1    2    3 
"628"   12.470          ( 1674373.725  , 12273307.53  )     No           3          1    2    3 
"631"   12.470          ( 1674383.096  , 12273210.84  )     No           3          1    2    3 
"632"   12.470          ( 1674390.444  , 12273135.01  )     No           3          1    2    3 
"635"   12.470          ( 1674410.798  , 12272924.99  )     No           3          1    2    3 
"636"   12.470          ( 1674411.584  , 12272916.87  )     No           3          1    2    3 
"637"   12.470          ( 1674411.76   , 12272915.03  )     No           3          1    2    3 
"400"   12.470          ( 1669232.171  , 12281827.3   )     No           3          1    2    3 
"401"   12.470          ( 1669211.241  , 12281814.58  )     No           3          1    2    3 
"408"   12.470          ( 1669053.979  , 12281719     )     No           3          1    2    3 
"413"   12.470          ( 1668955.671  , 12281655.63  )     No           3          1    2    3 
"415"   12.470          ( 1668890.131  , 12281613.39  )     No           3          1    2    3 
"417"   12.470          ( 1668726.143  , 12281507.69  )     No           3          1    2    3 
"427"   12.470          ( 1668484.25   , 12281312.27  )     No           3          1    2    3 
"429"   12.470          ( 1668469.722  , 12281304.45  )     No           3          1    2    3 
"430"   12.470          ( 1668416.723  , 12281275.9   )     No           3          1    2    3 
"436"   12.470          ( 1668312.968  , 12281220.03  )     No           3          1    2    3 
"440"   12.470          ( 1668244.728  , 12281028.88  )     No           3          1    2    3 
"446"   12.470          ( 1668187.36   , 12280846.14  )     No           3          1    2    3 
"447"   12.470          ( 1668185.209  , 12280838.05  )     No           3          1    2    3 
"450"   12.470          ( 1668183.452  , 12280738.28  )     No           3          1    2    3 
"456"   12.470          ( 1668066.548  , 12280526.38  )     No           3          1    2    3 
"457"   12.470          ( 1668061.772  , 12280514.62  )     No           3          1    2    3 
"461"   12.470          ( 1668025.076  , 12280424.2   )     No           3          1    2    3 
"462"   12.470          ( 1667999.91   , 12280371.08  )     No           3          1    2    3 
"468"   12.470          ( 1667857.89   , 12280049.78  )     No           3          1    2    3 
"472"   12.470          ( 1667706.534  , 12279688.89  )     No           3          1    2    3 
"473"   12.470          ( 1667692.411  , 12279664.65  )     No           3          1    2    3 
"480"   12.470          ( 1667612.912  , 12279508.97  )     No           3          1    2    3 
"481"   12.470          ( 1667533.413  , 12279353.28  )     No           3          1    2    3 
"482"   12.470          ( 1667519.716  , 12279326.46  )     No           3          1    2    3 
"487"   12.470          ( 1667364.42   , 12278982.12  )     No           3          1    2    3 
"490"   12.470          ( 1667456.457  , 12278952.13  )     No           3          1    2    3 
"491"   12.470          ( 1667504.81   , 12278933.54  )     No           3          1    2    3 
"497"   12.470          ( 1667122.899  , 12278485.23  )     No           3          1    2    3 
"498"   12.470          ( 1667108.326  , 12278469.28  )     No           3          1    2    3 
"500"   12.470          ( 1667041.606  , 12278392.68  )     No           3          1    2    3 
"503"   12.470          ( 1666852.67   , 12278175.78  )     No           3          1    2    3 
"511"   12.470          ( 1666463.865  , 12278010.81  )     No           3          1    2    3 
"512"   12.470          ( 1666395.7    , 12277981.72  )     No           3          1    2    3 
"517"   12.470          ( 1666193.415  , 12278027.46  )     No           3          1    2    3 
"518"   12.470          ( 1666159.209  , 12278035.19  )     No           3          1    2    3 
"525"   12.470          ( 1665943.436  , 12278103.54  )     No           3          1    2    3 
"527"   12.470          ( 1665859.206  , 12278130.23  )     No           3          1    2    3 
"533"   12.470          ( 1665604.651  , 12278248.08  )     No           3          1    2    3 
"535"   12.470          ( 1665607.515  , 12278297.61  )     No           3          1    2    3 
"536"   12.470          ( 1665611.381  , 12278364.44  )     No           3          1    2    3 
"540"   12.470          ( 1665613.626  , 12278455.28  )     No           3          1    2    3 
"542"   12.470          ( 1665615.027  , 12278511.92  )     No           3          1    2    3 
"545"   12.470          ( 1665706.941  , 12278603.63  )     No           3          1    2    3 
"544"   12.470          ( 1665213.434  , 12278259.06  )     No           3          1    2    3 
"546"   12.470          ( 1665173.515  , 12278260.18  )     No           3          1    2    3 
"547"   12.470          ( 1665171.114  , 12278260.25  )     No           3          1    2    3 
"549"   12.470          ( 1665004.391  , 12278164.44  )     No           3          1    2    3 
"552"   12.470          ( 1664850.226  , 12278036.01  )     No           3          1    2    3 
"554"   12.470          ( 1664697.568  , 12277902.37  )     No           3          1    2    3 
"559"   12.470          ( 1664462.252  , 12277691.23  )     No           3          1    2    3 
"565"   12.470          ( 1664316.537  , 12277560.87  )     No           3          1    2    3 
"571"   12.470          ( 1664158.841  , 12277419.78  )     No           3          1    2    3 
"575"   12.470          ( 1664038.715  , 12277312.17  )     No           3          1    2    3 
"576"   12.470          ( 1663918.589  , 12277204.56  )     No           3          1    2    3 
"579"   12.470          ( 1663798.463  , 12277096.94  )     No           3          1    2    3 
"580"   12.470          ( 1663793.343  , 12277091.95  )     No           3          1    2    3 
"581"   12.470          ( 1663755.131  , 12277054.7   )     No           3          1    2    3 
"583"   12.470          ( 1663670.995  , 12276922.25  )     No           3          1    2    3 
"587"   12.470          ( 1663309.2    , 12276624.31  )     No           3          1    2    3 
"589"   12.470          ( 1663229.61   , 12276549.53  )     No           3          1    2    3 
"592"   12.470          ( 1663058.881  , 12276389.12  )     No           3          1    2    3 
"595"   12.470          ( 1662908.033  , 12276247.39  )     No           3          1    2    3 
"596"   12.470          ( 1662888.254  , 12276225.33  )     No           3          1    2    3 
"606"   12.470          ( 1662334.471  , 12275527.77  )     No           3          1    2    3 
"529"   12.470          ( 1665856.551  , 12278251.61  )     No           3          1    2    3 
"534"   12.470          ( 1665852.218  , 12278449.91  )     No           3          1    2    3 
"537"   12.470          ( 1665832.991  , 12278524.99  )     No           3          1    2    3 
"538"   12.470          ( 1665831.017  , 12278532.69  )     No           3          1    2    3 
"507"   12.470          ( 1666900.011  , 12278019.07  )     No           3          1    2    3 
"374"   12.470          ( 1670383.991  , 12282512.26  )     No           3          1    2    3 
"375"   12.470          ( 1670352.165  , 12282530.47  )     No           3          1    2    3 
"377"   12.470          ( 1670267.382  , 12282578.99  )     No           3          1    2    3 
"378"   12.470          ( 1670253.62   , 12282586.86  )     No           3          1    2    3 
"382"   12.470          ( 1669994.154  , 12282719.79  )     No           3          1    2    3 
"385"   12.470          ( 1669890.452  , 12282769.85  )     No           3          1    2    3 
"387"   12.470          ( 1669782.911  , 12282802.01  )     No           3          1    2    3 
"389"   12.470          ( 1669648.841  , 12282858.92  )     No           3          1    2    3 
"390"   12.470          ( 1669666.491  , 12282916.01  )     No           3          1    2    3 
"398"   12.470          ( 1669769.628  , 12283249.67  )     No           3          1    2    3 
"402"   12.470          ( 1669772.794  , 12283364.43  )     No           3          1    2    3 
"403"   12.470          ( 1669777.423  , 12283386.8   )     No           3          1    2    3 
"405"   12.470          ( 1669781.547  , 12283406.82  )     No           3          1    2    3 
"409"   12.470          ( 1669809.81   , 12283544.11  )     No           3          1    2    3 
"421"   12.470          ( 1670051.036  , 12283898.06  )     No           3          1    2    3 
"422"   12.470          ( 1670054.321  , 12283903.67  )     No           3          1    2    3 
"431"   12.470          ( 1670257.687  , 12284178.7   )     No           3          1    2    3 
"433"   12.470          ( 1670284.762  , 12284215.32  )     No           3          1    2    3 
"437"   12.470          ( 1670296.771  , 12284293.5   )     No           3          1    2    3 
"438"   12.470          ( 1670297.017  , 12284328.04  )     No           3          1    2    3 
"442"   12.470          ( 1670298.581  , 12284547.29  )     No           3          1    2    3 
"444"   12.470          ( 1670298.631  , 12284558.43  )     No           3          1    2    3 
"448"   12.470          ( 1670299.179  , 12284684.81  )     No           3          1    2    3 
"453"   12.470          ( 1670296.558  , 12284791.7   )     No           3          1    2    3 
"458"   12.470          ( 1670292.888  , 12285016.42  )     No           3          1    2    3 
"464"   12.470          ( 1670295.669  , 12285279.57  )     No           3          1    2    3 
"466"   12.470          ( 1670288.6    , 12285423.39  )     No           3          1    2    3 
"470"   12.470          ( 1670157.568  , 12285760.35  )     No           3          1    2    3 
"471"   12.470          ( 1670155.488  , 12285766.29  )     No           3          1    2    3 
"475"   12.470          ( 1670058.953  , 12286042.22  )     No           3          1    2    3 
"476"   12.470          ( 1670043.97   , 12286085.05  )     No           3          1    2    3 
"479"   12.470          ( 1669909.711  , 12286048.99  )     No           3          1    2    3 
"485"   12.470          ( 1669900.97   , 12286402.79  )     No           3          1    2    3 
"488"   12.470          ( 1669954.632  , 12286502.68  )     No           3          1    2    3 
"492"   12.470          ( 1670021.491  , 12286627.14  )     No           3          1    2    3 
"495"   12.470          ( 1670244.019  , 12286804.31  )     No           3          1    2    3 
"506"   12.470          ( 1670257.13   , 12287336.06  )     No           3          1    2    3 
"510"   12.470          ( 1670269.049  , 12287698.28  )     No           3          1    2    3 
"516"   12.470          ( 1670271.794  , 12287908.26  )     No           3          1    2    3 
"519"   12.470          ( 1670274.612  , 12288066.76  )     No           3          1    2    3 
"520"   12.470          ( 1670275.23   , 12288092.35  )     No           3          1    2    3 
"524"   12.470          ( 1670273.231  , 12288254.34  )     No           3          1    2    3 
"528"   12.470          ( 1670298.082  , 12288479.51  )     No           3          1    2    3 
"391"   12.470          ( 1669587.409  , 12282875.05  )     No           3          1    2    3 
"394"   12.470          ( 1669509.102  , 12282927.1   )     No           3          1    2    3 
"396"   12.470          ( 1669343.599  , 12283037.1   )     No           3          1    2    3 
"411"   12.470          ( 1669075.983  , 12283312.36  )     No           3          1    2    3 
"418"   12.470          ( 1668812.721  , 12283524.26  )     No           3          1    2    3 
"423"   12.470          ( 1668691.565  , 12283575.47  )     No           3          1    2    3 
"424"   12.470          ( 1668711.623  , 12283618.19  )     No           3          1    2    3 
"425"   12.470          ( 1668719.229  , 12283634.4   )     No           3          1    2    3 
"426"   12.470          ( 1668562.639  , 12283624.86  )     No           3          1    2    3 
"432"   12.470          ( 1668406.406  , 12283697.19  )     No           3          1    2    3 
"441"   12.470          ( 1668136.741  , 12283811.73  )     No           3          1    2    3 
"449"   12.470          ( 1667896.679  , 12283876.72  )     No           3          1    2    3 
"455"   12.470          ( 1667678.829  , 12283986.25  )     No           3          1    2    3 
"465"   12.470          ( 1667474.099  , 12284247.77  )     No           3          1    2    3 
"467"   12.470          ( 1667392.109  , 12284337.39  )     No           3          1    2    3 
"474"   12.470          ( 1666903.878  , 12284281.92  )     No           3          1    2    3 
"477"   12.470          ( 1666749.152  , 12284240.85  )     No           3          1    2    3 
"484"   12.470          ( 1666319.621  , 12284211.44  )     No           3          1    2    3 
"493"   12.470          ( 1665980.959  , 12284206.57  )     No           3          1    2    3 
"496"   12.470          ( 1665657.158  , 12284210.05  )     No           3          1    2    3 
"499"   12.470          ( 1665558.608  , 12284208.52  )     No           3          1    2    3 
"505"   12.470          ( 1665333.16   , 12284492.34  )     No           3          1    2    3 
"509"   12.470          ( 1665207.339  , 12284644.35  )     No           3          1    2    3 
"513"   12.470          ( 1665067.843  , 12284806.27  )     No           3          1    2    3 
"514"   12.470          ( 1664928.347  , 12284968.2   )     No           3          1    2    3 
"521"   12.470          ( 1664788.851  , 12285130.12  )     No           3          1    2    3 
"522"   12.470          ( 1664783.473  , 12285132.7   )     No           3          1    2    3 
"530"   12.470          ( 1664477.26   , 12285279.4   )     No           3          1    2    3 
"532"   12.470          ( 1664435.698  , 12285302.03  )     No           3          1    2    3 
"541"   12.470          ( 1664149.019  , 12285455.37  )     No           3          1    2    3 
"548"   12.470          ( 1663847.402  , 12285579.37  )     No           3          1    2    3 
"553"   12.470          ( 1663440.452  , 12285655.3   )     No           3          1    2    3 
"557"   12.470          ( 1663360.609  , 12285489.52  )     No           3          1    2    3 
"562"   12.470          ( 1663258.889  , 12285227.37  )     No           3          1    2    3 
"570"   12.470          ( 1663129.508  , 12284971.94  )     No           3          1    2    3 
"573"   12.470          ( 1663078.919  , 12284777.38  )     No           3          1    2    3 
"574"   12.470          ( 1663073.921  , 12284758.02  )     No           3          1    2    3 
"582"   12.470          ( 1663095.04   , 12284413.78  )     No           3          1    2    3 
"585"   12.470          ( 1663141.6    , 12283974.94  )     No           3          1    2    3 
"586"   12.470          ( 1663141.698  , 12283965.19  )     No           3          1    2    3 
"588"   12.470          ( 1663145.438  , 12283703.22  )     No           3          1    2    3 
"591"   12.470          ( 1663147.965  , 12283526.07  )     No           3          1    2    3 
"597"   12.470          ( 1663101.807  , 12283078.79  )     No           3          1    2    3 
"604"   12.470          ( 1663025.941  , 12282462.9   )     No           3          1    2    3 
"607"   12.470          ( 1662996.679  , 12282262.76  )     No           3          1    2    3 
"618"   12.470          ( 1662898.367  , 12281451.67  )     No           3          1    2    3 
"621"   12.470          ( 1662884.662  , 12281252.64  )     No           3          1    2    3 
"625"   12.470          ( 1662702.328  , 12281241.04  )     No           3          1    2    3 
"630"   12.470          ( 1662434.2    , 12281193.22  )     No           3          1    2    3 
"634"   12.470          ( 1662211.058  , 12281038.94  )     No           3          1    2    3 
"558"   12.470          ( 1663539.862  , 12285876.88  )     No           3          1    2    3 
"561"   12.470          ( 1663580.15   , 12286004.69  )     No           3          1    2    3 
"567"   12.470          ( 1663676.382  , 12286297.42  )     No           3          1    2    3 
"568"   12.470          ( 1663711.828  , 12286326.97  )     No           3          1    2    3 
"569"   12.470          ( 1663726.14   , 12286335.89  )     No           3          1    2    3 
"577"   12.470          ( 1663977.929  , 12286492.87  )     No           3          1    2    3 
"598"   12.470          ( 1664258.128  , 12287931.37  )     No           3          1    2    3 
"600"   12.470          ( 1664282.241  , 12288006.48  )     No           3          1    2    3 
"603"   12.470          ( 1664388.459  , 12288335.54  )     No           3          1    2    3 
"613"   12.470          ( 1664557.157  , 12289003.66  )     No           3          1    2    3 
"614"   12.470          ( 1664652.561  , 12289152.8   )     No           3          1    2    3 
"616"   12.470          ( 1664637.815  , 12289413     )     No           3          1    2    3 
"620"   12.470          ( 1664706.354  , 12289606.37  )     No           3          1    2    3 
"623"   12.470          ( 1664802.433  , 12289777.41  )     No           3          1    2    3 
"624"   12.470          ( 1664804.486  , 12289792.23  )     No           3          1    2    3 
"629"   12.470          ( 1664836.361  , 12290022.11  )     No           3          1    2    3 
"633"   12.470          ( 1664843.91   , 12290258.22  )     No           3          1    2    3 
"638"   12.470          ( 1664906.443  , 12290753.1   )     No           3          1    2    3 
"639"   12.470          ( 1664921.537  , 12290950.41  )     No           3          1    2    3 
"640"   12.470          ( 1664935.553  , 12291169.27  )     No           3          1    2    3 
"641"   12.470          ( 1664920.501  , 12291452.88  )     No           3          1    2    3 
"642"   12.470          ( 1664911.342  , 12291753.53  )     No           3          1    2    3 
"643"   12.470          ( 1664903.588  , 12291968.28  )     No           3          1    2    3 
"644"   12.470          ( 1664889.781  , 12292299.71  )     No           3          1    2    3 
"645"   12.470          ( 1664876.28   , 12292623     )     No           3          1    2    3 
"646"   12.470          ( 1664871.599  , 12292768.51  )     No           3          1    2    3 
"647"   12.470          ( 1664895.331  , 12292976.68  )     No           3          1    2    3 
"648"   12.470          ( 1664892.57   , 12293065.38  )     No           3          1    2    3 
"649"   12.470          ( 1664887.749  , 12293210.24  )     No           3          1    2    3 
"304"   12.470          ( 1673587.96   , 12284638.15  )     No           3          1    2    3 
"306"   12.470          ( 1673623.1    , 12284679.16  )     No           3          1    2    3 
"308"   12.470          ( 1673633.229  , 12284690.98  )     No           3          1    2    3 
"286"   12.470          ( 1674595.99   , 12284047.17  )     No           3          1    2    3 
"290"   12.470          ( 1674662.187  , 12284127.29  )     No           3          1    2    3 
"291"   12.470          ( 1674728.385  , 12284207.4   )     No           3          1    2    3 
"297"   12.470          ( 1675016.948  , 12284588.86  )     No           3          1    2    3 
"298"   12.470          ( 1675041.541  , 12284646.3   )     No           3          1    2    3 
"309"   12.470          ( 1675244.71   , 12285098.39  )     No           3          1    2    3 
"310"   12.470          ( 1675263.351  , 12285129.83  )     No           3          1    2    3 
"319"   12.470          ( 1675427.56   , 12285480.8   )     No           3          1    2    3 
"325"   12.470          ( 1675577.142  , 12285840.54  )     No           3          1    2    3 
"326"   12.470          ( 1675609.652  , 12285918.72  )     No           3          1    2    3 
"332"   12.470          ( 1675612.117  , 12286112.89  )     No           3          1    2    3 
"334"   12.470          ( 1675615.89   , 12286409.83  )     No           3          1    2    3 
"336"   12.470          ( 1675616.369  , 12286527.7   )     No           3          1    2    3 
"338"   12.470          ( 1675617.119  , 12286711.85  )     No           3          1    2    3 
"341"   12.470          ( 1675618.339  , 12286817     )     No           3          1    2    3 
"145"   12.470          ( 1681687.595  , 12279248.73  )     No           3          1    2    3 
"146"   12.470          ( 1681682      , 12279248.94  )     No           3          1    2    3 
"155"   12.470          ( 1681174.625  , 12279294.02  )     No           3          1    2    3 
"158"   12.470          ( 1680891.452  , 12279281.76  )     No           3          1    2    3 
"160"   12.470          ( 1680856.693  , 12279282.73  )     No           3          1    2    3 
"162"   12.470          ( 1680725.019  , 12279286.41  )     No           3          1    2    3 
"167"   12.470          ( 1680444.599  , 12279294.24  )     No           3          1    2    3 
"171"   12.470          ( 1679983.172  , 12279289.52  )     No           3          1    2    3 
"176"   12.470          ( 1679631.535  , 12279302.1   )     No           3          1    2    3 
"182"   12.470          ( 1679418.227  , 12279173.26  )     No           3          1    2    3 
"191"   12.470          ( 1679232.793  , 12279461.7   )     No           3          1    2    3 
"192"   12.470          ( 1679243.381  , 12279459.73  )     No           3          1    2    3 
"193"   12.470          ( 1679259.95   , 12279457.76  )     No           3          1    2    3 
"194"   12.470          ( 1679305.501  , 12279452.35  )     No           3          1    2    3 
"195"   12.470          ( 1679256.837  , 12279558.76  )     No           3          1    2    3 
"196"   12.470          ( 1679266.929  , 12279558.98  )     No           3          1    2    3 
"197"   12.470          ( 1679280.253  , 12279559.27  )     No           3          1    2    3 
"201"   12.470          ( 1679416.798  , 12279562.27  )     No           3          1    2    3 
"202"   12.470          ( 1679036.292  , 12279524.56  )     No           3          1    2    3 
"206"   12.470          ( 1678903.344  , 12279275.32  )     No           3          1    2    3 
"207"   12.470          ( 1678739.549  , 12279617.1   )     No           3          1    2    3 
"208"   12.470          ( 1678664.285  , 12279640.57  )     No           3          1    2    3 
"209"   12.470          ( 1678663.711  , 12279616.9   )     No           3          1    2    3 
"211"   12.470          ( 1678663.478  , 12279597.55  )     No           3          1    2    3 
"212"   12.470          ( 1678662.949  , 12279553.2   )     No           3          1    2    3 
"214"   12.470          ( 1678542.048  , 12279603.16  )     No           3          1    2    3 
"177"   12.470          ( 1679631.653  , 12279326.36  )     No           3          1    2    3 
"180"   12.470          ( 1679631.674  , 12279343.43  )     No           3          1    2    3 
"181"   12.470          ( 1679631.809  , 12279453.92  )     No           3          1    2    3 
"147"   12.470          ( 1681765.891  , 12279249.31  )     No           3          1    2    3 
"30"    12.470          ( 1691427.929  , 12274759.31  )     No           3          1    2    3 
"31"    12.470          ( 1691623.619  , 12274644.92  )     No           3          1    2    3 
"32"    12.470          ( 1691639.18   , 12274638.37  )     No           3          1    2    3 
"35"    12.470          ( 1691831.139  , 12274580.91  )     No           3          1    2    3 
"37"    12.470          ( 1692047.928  , 12274556.97  )     No           3          1    2    3 
"39"    12.470          ( 1692571.044  , 12274473.07  )     No           3          1    2    3 
"44"    12.470          ( 1692774.796  , 12274449.14  )     No           3          1    2    3 
"49"    12.470          ( 1693072.882  , 12274424.75  )     No           3          1    2    3 
"55"    12.470          ( 1693643.168  , 12274381.64  )     No           3          1    2    3 
"40"    12.470          ( 1692572.33   , 12274487.23  )     No           3          1    2    3 
"43"    12.470          ( 1692623.113  , 12274654.89  )     No           3          1    2    3 
"33"    12.470          ( 1691218.529  , 12274540.56  )     No           3          1    2    3 
"36"    12.470          ( 1691061.84   , 12274351.84  )     No           3          1    2    3 
"38"    12.470          ( 1691229.42   , 12273921.88  )     No           3          1    2    3 
"42"    12.470          ( 1691274.14   , 12273545.24  )     No           3          1    2    3 
"46"    12.470          ( 1691285.33   , 12273330.62  )     No           3          1    2    3 
"47"    12.470          ( 1691275.144  , 12273314.4   )     No           3          1    2    3 
"48"    12.470          ( 1691268.352  , 12273303.59  )     No           3          1    2    3 
"50"    12.470          ( 1691184.307  , 12273169.71  )     No           3          1    2    3 
"650"   12.470          (           NA,            NA )     No           3          1    2    3 
"651"   12.470          (           NA,            NA )     No           3          1    2    3 
"652"   12.470          (           NA,            NA )     No           3          1    2    3 
"653"   12.470          (           NA,            NA )     No           3          1    2    3 
"654"   12.470          (           NA,            NA )     No           3          1    2    3 
"655"   12.470          (           NA,            NA )     No           3          1    2    3 
"656"   12.470          (           NA,            NA )     No           3          1    2    3 
"657"   12.470          (           NA,            NA )     No           3          1    2    3 
"658"   12.470          (           NA,            NA )     No           3          1    2    3 
"659"   12.470          (           NA,            NA )     No           3          1    2    3 
"660"   12.470          (           NA,            NA )     No           3          1    2    3 
"661"   12.470          (           NA,            NA )     No           3          1    2    3 
"662"   12.470          (           NA,            NA )     No           3          1    2    3 
"663"   12.470          (           NA,            NA )     No           3          1    2    3 
"664"   12.470          (           NA,            NA )     No           3          1    2    3 
"665"   12.470          (           NA,            NA )     No           3          1    2    3 
"666"   12.470          (           NA,            NA )     No           3          1    2    3 
"667"   12.470          (           NA,            NA )     No           3          1    2    3 
"668"   12.470          (           NA,            NA )     No           3          1    2    3 
"669"   12.470          (           NA,            NA )     No           3          1    2    3 
"670"   12.470          (           NA,            NA )     No           3          1    2    3 
"671"   12.470          (           NA,            NA )     No           3          1    2    3 
"672"   12.470          (           NA,            NA )     No           3          1    2    3 
"673"   12.470          (           NA,            NA )     No           3          1    2    3 
"674"   12.470          (           NA,            NA )     No           3          1    2    3 
"4"     12.470          ( 1693852      , 12277577.76  )     No           3          1    2    3 
"5"     12.470          ( 1693886      , 12277577.76  )     No           3          1    2    3 
"6"     12.470          (           NA,            NA )     No           3          1    2    3 
"2"    115.000          ( 1693810      , 12277577.76  )     No           3          1    2    3 
"3"     12.470          ( 1693840      , 12277577.76  )     No           3          1    2    3 
